-7.885958314609487980e-16 1.000000000000009104e+00
-3.886450591142559872e-15 9.999999999999933387e-01
-5.959339215910786440e-14 9.999999999999947820e-01
-3.032085708521779182e-14 9.999999999999868994e-01
-1.953436667378013513e-16 9.999999999999930056e-01
-5.709458138475618460e-13 1.000000000000029310e+00
2.849431811547448787e-15 9.999999999999256151e-01
-7.017309298583480100e-15 1.000000000000073053e+00
-8.152223246532329545e-16 9.999999999999620304e-01
5.045385457460590637e-16 9.999999999999954481e-01
